cycle 0 : -10.175568
theta(log-transformed): 0.000000, 0.000000
       1.01    0.606531    0.135335    0.011109 0.000335463 3.72665e-06   1.523e-08 2.28973e-11 1.26642e-14 2.57676e-18
   0.606531        1.01    0.606531    0.135335    0.011109 0.000335463 3.72665e-06   1.523e-08 2.28973e-11 1.26642e-14
   0.135335    0.606531        1.01    0.606531    0.135335    0.011109 0.000335463 3.72665e-06   1.523e-08 2.28973e-11
   0.011109    0.135335    0.606531        1.01    0.606531    0.135335    0.011109 0.000335463 3.72665e-06   1.523e-08
0.000335463    0.011109    0.135335    0.606531        1.01    0.606531    0.135335    0.011109 0.000335463 3.72665e-06
3.72665e-06 0.000335463    0.011109    0.135335    0.606531        1.01    0.606531    0.135335    0.011109 0.000335463
  1.523e-08 3.72665e-06 0.000335463    0.011109    0.135335    0.606531        1.01    0.606531    0.135335    0.011109
2.28973e-11   1.523e-08 3.72665e-06 0.000335463    0.011109    0.135335    0.606531        1.01    0.606531    0.135335
1.26642e-14 2.28973e-11   1.523e-08 3.72665e-06 0.000335463    0.011109    0.135335    0.606531        1.01    0.606531
2.57676e-18 1.26642e-14 2.28973e-11   1.523e-08 3.72665e-06 0.000335463    0.011109    0.135335    0.606531        1.01
update: -2.328650, 14.217218
cycle 1 : -9.209794
theta(log-transformed): -0.023562, 0.132932
   0.986713    0.665755    0.210841   0.0310236  0.00212091 6.73669e-05 9.94181e-07 6.81677e-09 2.17163e-11 3.21432e-14
   0.665755    0.986713    0.665755    0.210841   0.0310236  0.00212091 6.73669e-05 9.94181e-07 6.81677e-09 2.17163e-11
   0.210841    0.665755    0.986713    0.665755    0.210841   0.0310236  0.00212091 6.73669e-05 9.94181e-07 6.81677e-09
  0.0310236    0.210841    0.665755    0.986713    0.665755    0.210841   0.0310236  0.00212091 6.73669e-05 9.94181e-07
 0.00212091   0.0310236    0.210841    0.665755    0.986713    0.665755    0.210841   0.0310236  0.00212091 6.73669e-05
6.73669e-05  0.00212091   0.0310236    0.210841    0.665755    0.986713    0.665755    0.210841   0.0310236  0.00212091
9.94181e-07 6.73669e-05  0.00212091   0.0310236    0.210841    0.665755    0.986713    0.665755    0.210841   0.0310236
6.81677e-09 9.94181e-07 6.73669e-05  0.00212091   0.0310236    0.210841    0.665755    0.986713    0.665755    0.210841
2.17163e-11 6.81677e-09 9.94181e-07 6.73669e-05  0.00212091   0.0310236    0.210841    0.665755    0.986713    0.665755
3.21432e-14 2.17163e-11 6.81677e-09 9.94181e-07 6.73669e-05  0.00212091   0.0310236    0.210841    0.665755    0.986713
update: -4.678255, 11.917791
cycle 2 : -8.602355
theta(log-transformed): -0.072645, 0.232183
   0.939931    0.679151    0.264553   0.0549656  0.00609116 0.000360032 1.13504e-05  1.9086e-07 1.71178e-09 8.18868e-12
   0.679151    0.939931    0.679151    0.264553   0.0549656  0.00609116 0.000360032 1.13504e-05  1.9086e-07 1.71178e-09
   0.264553    0.679151    0.939931    0.679151    0.264553   0.0549656  0.00609116 0.000360032 1.13504e-05  1.9086e-07
  0.0549656    0.264553    0.679151    0.939931    0.679151    0.264553   0.0549656  0.00609116 0.000360032 1.13504e-05
 0.00609116   0.0549656    0.264553    0.679151    0.939931    0.679151    0.264553   0.0549656  0.00609116 0.000360032
0.000360032  0.00609116   0.0549656    0.264553    0.679151    0.939931    0.679151    0.264553   0.0549656  0.00609116
1.13504e-05 0.000360032  0.00609116   0.0549656    0.264553    0.679151    0.939931    0.679151    0.264553   0.0549656
 1.9086e-07 1.13504e-05 0.000360032  0.00609116   0.0549656    0.264553    0.679151    0.939931    0.679151    0.264553
1.71178e-09  1.9086e-07 1.13504e-05 0.000360032  0.00609116   0.0549656    0.264553    0.679151    0.939931    0.679151
8.18868e-12 1.71178e-09  1.9086e-07 1.13504e-05 0.000360032  0.00609116   0.0549656    0.264553    0.679151    0.939931
update: -9.364697, 7.856927
cycle 3 : -8.449469
theta(log-transformed): -0.178787, 0.292609
   0.846284    0.633004    0.274513   0.0682065  0.00970942 0.000791891 3.70035e-05 9.90661e-07 1.51954e-08 1.33538e-10
   0.633004    0.846284    0.633004    0.274513   0.0682065  0.00970942 0.000791891 3.70035e-05 9.90661e-07 1.51954e-08
   0.274513    0.633004    0.846284    0.633004    0.274513   0.0682065  0.00970942 0.000791891 3.70035e-05 9.90661e-07
  0.0682065    0.274513    0.633004    0.846284    0.633004    0.274513   0.0682065  0.00970942 0.000791891 3.70035e-05
 0.00970942   0.0682065    0.274513    0.633004    0.846284    0.633004    0.274513   0.0682065  0.00970942 0.000791891
0.000791891  0.00970942   0.0682065    0.274513    0.633004    0.846284    0.633004    0.274513   0.0682065  0.00970942
3.70035e-05 0.000791891  0.00970942   0.0682065    0.274513    0.633004    0.846284    0.633004    0.274513   0.0682065
9.90661e-07 3.70035e-05 0.000791891  0.00970942   0.0682065    0.274513    0.633004    0.846284    0.633004    0.274513
1.51954e-08 9.90661e-07 3.70035e-05 0.000791891  0.00970942   0.0682065    0.274513    0.633004    0.846284    0.633004
1.33538e-10 1.51954e-08 9.90661e-07 3.70035e-05 0.000791891  0.00970942   0.0682065    0.274513    0.633004    0.846284
update: -19.510442, 3.618163
cycle 4 : -9.005796
theta(log-transformed): -0.444446, 0.319254
    0.65118    0.492389    0.222995    0.059558  0.00938087 0.000871373 4.77334e-05 1.54205e-06 2.93788e-08 3.30085e-10
   0.492389     0.65118    0.492389    0.222995    0.059558  0.00938087 0.000871373 4.77334e-05 1.54205e-06 2.93788e-08
   0.222995    0.492389     0.65118    0.492389    0.222995    0.059558  0.00938087 0.000871373 4.77334e-05 1.54205e-06
   0.059558    0.222995    0.492389     0.65118    0.492389    0.222995    0.059558  0.00938087 0.000871373 4.77334e-05
 0.00938087    0.059558    0.222995    0.492389     0.65118    0.492389    0.222995    0.059558  0.00938087 0.000871373
0.000871373  0.00938087    0.059558    0.222995    0.492389     0.65118    0.492389    0.222995    0.059558  0.00938087
4.77334e-05 0.000871373  0.00938087    0.059558    0.222995    0.492389     0.65118    0.492389    0.222995    0.059558
1.54205e-06 4.77334e-05 0.000871373  0.00938087    0.059558    0.222995    0.492389     0.65118    0.492389    0.222995
2.93788e-08 1.54205e-06 4.77334e-05 0.000871373  0.00938087    0.059558    0.222995    0.492389     0.65118    0.492389
3.30085e-10 2.93788e-08 1.54205e-06 4.77334e-05 0.000871373  0.00938087    0.059558    0.222995    0.492389     0.65118
update: -49.818132, -2.008421
cycle 5 : -25.714351
theta(log-transformed): -1.944923, 0.304552
   0.152998    0.108953   0.0481902   0.0123735  0.00184435  0.00015959 8.01645e-06 2.33762e-07 3.95711e-09 3.88863e-11
   0.108953    0.152998    0.108953   0.0481902   0.0123735  0.00184435  0.00015959 8.01645e-06 2.33762e-07 3.95711e-09
  0.0481902    0.108953    0.152998    0.108953   0.0481902   0.0123735  0.00184435  0.00015959 8.01645e-06 2.33762e-07
  0.0123735   0.0481902    0.108953    0.152998    0.108953   0.0481902   0.0123735  0.00184435  0.00015959 8.01645e-06
 0.00184435   0.0123735   0.0481902    0.108953    0.152998    0.108953   0.0481902   0.0123735  0.00184435  0.00015959
 0.00015959  0.00184435   0.0123735   0.0481902    0.108953    0.152998    0.108953   0.0481902   0.0123735  0.00184435
8.01645e-06  0.00015959  0.00184435   0.0123735   0.0481902    0.108953    0.152998    0.108953   0.0481902   0.0123735
2.33762e-07 8.01645e-06  0.00015959  0.00184435   0.0123735   0.0481902    0.108953    0.152998    0.108953   0.0481902
3.95711e-09 2.33762e-07 8.01645e-06  0.00015959  0.00184435   0.0123735   0.0481902    0.108953    0.152998    0.108953
3.88863e-11 3.95711e-09 2.33762e-07 8.01645e-06  0.00015959  0.00184435   0.0123735   0.0481902    0.108953    0.152998
update: 336.830231, -41.542866
cycle 6 : -14.192577
theta(log-transformed): 1.255986, -0.061250
     3.5213     1.99537    0.366172   0.0216999 0.000415277 2.56641e-06 5.12182e-09 3.30089e-12 6.86984e-16 4.61711e-20
    1.99537      3.5213     1.99537    0.366172   0.0216999 0.000415277 2.56641e-06 5.12182e-09 3.30089e-12 6.86984e-16
   0.366172     1.99537      3.5213     1.99537    0.366172   0.0216999 0.000415277 2.56641e-06 5.12182e-09 3.30089e-12
  0.0216999    0.366172     1.99537      3.5213     1.99537    0.366172   0.0216999 0.000415277 2.56641e-06 5.12182e-09
0.000415277   0.0216999    0.366172     1.99537      3.5213     1.99537    0.366172   0.0216999 0.000415277 2.56641e-06
2.56641e-06 0.000415277   0.0216999    0.366172     1.99537      3.5213     1.99537    0.366172   0.0216999 0.000415277
5.12182e-09 2.56641e-06 0.000415277   0.0216999    0.366172     1.99537      3.5213     1.99537    0.366172   0.0216999
3.30089e-12 5.12182e-09 2.56641e-06 0.000415277   0.0216999    0.366172     1.99537      3.5213     1.99537    0.366172
6.86984e-16 3.30089e-12 5.12182e-09 2.56641e-06 0.000415277   0.0216999    0.366172     1.99537      3.5213     1.99537
4.61711e-20 6.86984e-16 3.30089e-12 5.12182e-09 2.56641e-06 0.000415277   0.0216999    0.366172     1.99537      3.5213
update: -1.341850, 16.555531
cycle 7 : -12.701407
theta(log-transformed): 1.252158, 0.100880
    3.50788     2.32452    0.682204   0.0884202  0.00506108 0.000127935  1.4282e-06 7.04118e-09 1.53305e-11 1.47408e-14
    2.32452     3.50788     2.32452    0.682204   0.0884202  0.00506108 0.000127935  1.4282e-06 7.04118e-09 1.53305e-11
   0.682204     2.32452     3.50788     2.32452    0.682204   0.0884202  0.00506108 0.000127935  1.4282e-06 7.04118e-09
  0.0884202    0.682204     2.32452     3.50788     2.32452    0.682204   0.0884202  0.00506108 0.000127935  1.4282e-06
 0.00506108   0.0884202    0.682204     2.32452     3.50788     2.32452    0.682204   0.0884202  0.00506108 0.000127935
0.000127935  0.00506108   0.0884202    0.682204     2.32452     3.50788     2.32452    0.682204   0.0884202  0.00506108
 1.4282e-06 0.000127935  0.00506108   0.0884202    0.682204     2.32452     3.50788     2.32452    0.682204   0.0884202
7.04118e-09  1.4282e-06 0.000127935  0.00506108   0.0884202    0.682204     2.32452     3.50788     2.32452    0.682204
1.53305e-11 7.04118e-09  1.4282e-06 0.000127935  0.00506108   0.0884202    0.682204     2.32452     3.50788     2.32452
1.47408e-14 1.53305e-11 7.04118e-09  1.4282e-06 0.000127935  0.00506108   0.0884202    0.682204     2.32452     3.50788
update: -1.214932, 18.767831
cycle 8 : -10.932526
theta(log-transformed): 1.248678, 0.257600
    3.49573     2.58568      1.0554    0.237038   0.0292942  0.00199207 7.45402e-05 1.53474e-06 1.73877e-08 1.08395e-10
    2.58568     3.49573     2.58568      1.0554    0.237038   0.0292942  0.00199207 7.45402e-05 1.53474e-06 1.73877e-08
     1.0554     2.58568     3.49573     2.58568      1.0554    0.237038   0.0292942  0.00199207 7.45402e-05 1.53474e-06
   0.237038      1.0554     2.58568     3.49573     2.58568      1.0554    0.237038   0.0292942  0.00199207 7.45402e-05
  0.0292942    0.237038      1.0554     2.58568     3.49573     2.58568      1.0554    0.237038   0.0292942  0.00199207
 0.00199207   0.0292942    0.237038      1.0554     2.58568     3.49573     2.58568      1.0554    0.237038   0.0292942
7.45402e-05  0.00199207   0.0292942    0.237038      1.0554     2.58568     3.49573     2.58568      1.0554    0.237038
1.53474e-06 7.45402e-05  0.00199207   0.0292942    0.237038      1.0554     2.58568     3.49573     2.58568      1.0554
1.73877e-08 1.53474e-06 7.45402e-05  0.00199207   0.0292942    0.237038      1.0554     2.58568     3.49573     2.58568
1.08395e-10 1.73877e-08 1.53474e-06 7.45402e-05  0.00199207   0.0292942    0.237038      1.0554     2.58568     3.49573
update: -1.111382, 17.968788
cycle 9 : -9.470961
theta(log-transformed): 1.245485, 0.387647
    3.48462     2.75992     1.38313    0.437328   0.0872427   0.0109807 0.000871979 4.36879e-05   1.381e-06 2.75426e-08
    2.75992     3.48462     2.75992     1.38313    0.437328   0.0872427   0.0109807 0.000871979 4.36879e-05   1.381e-06
    1.38313     2.75992     3.48462     2.75992     1.38313    0.437328   0.0872427   0.0109807 0.000871979 4.36879e-05
   0.437328     1.38313     2.75992     3.48462     2.75992     1.38313    0.437328   0.0872427   0.0109807 0.000871979
  0.0872427    0.437328     1.38313     2.75992     3.48462     2.75992     1.38313    0.437328   0.0872427   0.0109807
  0.0109807   0.0872427    0.437328     1.38313     2.75992     3.48462     2.75992     1.38313    0.437328   0.0872427
0.000871979   0.0109807   0.0872427    0.437328     1.38313     2.75992     3.48462     2.75992     1.38313    0.437328
4.36879e-05 0.000871979   0.0109807   0.0872427    0.437328     1.38313     2.75992     3.48462     2.75992     1.38313
  1.381e-06 4.36879e-05 0.000871979   0.0109807   0.0872427    0.437328     1.38313     2.75992     3.48462     2.75992
2.75426e-08   1.381e-06 4.36879e-05 0.000871979   0.0109807   0.0872427    0.437328     1.38313     2.75992     3.48462
update: -1.029687, 14.072438
1.242517, 0.478861
